#Ag1 Bg2 Au3 Bu4
23.88   1  27.299  4
23.689  4  25.131  3
23.419  2  24.339  2
23.338  3  23.266  1
21.503  3  21.565  3
20.489  2  21.506  4
20.068  4  20.145  2
19.902  1  19.822  1
19.101  2  19.062  3
19.071  1  18.775  1
19.015  4  18.256  1
18.829  3  17.949  4
18.799  3  17.935  2
18.63   1  17.711  2
18.16   4  17.533  3
18.029  2  17.065  2
17.2    4  16.998  3
17.187  3  16.995  1
17.151  1  16.932  4
17.136  2  16.68   4
16.739  3  16.317  1
16.707  1  15.741  3
15.294  2  15.056  3
15.265  4  15.052  2
15.011  3  14.746  1
14.823  1  14.181  4
14.126  2  13.961  2
14.082  4  13.742  1
13.819  1  13.487  4
13.721  3  13.099  2
13.675  2  13.023  3
13.298  4  12.784  4
12.743  1  12.672  1
12.657  3  12.558  2
12.58   2  12.382  4
12.542  1  12.382  1
12.346  4  12.173  1
12.223  1  11.849  3
11.946  2  11.714  4
11.695  3  11.572  2
11.674  4  11.382  3
11.617  1  11.343  2
11.566  3  10.796  3
11.297  2  10.719  1
10.818  2  10.631  2
10.781  4  10.589  4
10.585  2  10.172  3
10.329  1  10.122  4
10.327  3  10.083  1
10.098  4  9.912   2
9.963   1  9.564   4
9.836   4  9.491   3
9.753   2  9.312   2
9.472   3  9.123   4
9.397   3  9.1     1
9.142   2  8.956   3
8.997   4  8.671   2
8.92    1  8.582   4
8.571   3  8.385   2
8.541   4  8.371   1
8.479   1  8.061   3
8.396   2  8.043   1
8.342   4  7.678   3
8.058   2  7.562   1
8.01    3  7.529   4
7.995   4  7.504   2
7.648   3  7.452   4
7.574   1  7.433   3
7.503   4  7.429   4
7.284   3  6.826   3
7.211   3  6.771   2
7.202   2  6.738   4
7.171   1  6.721   1
6.971   4  6.471   3
6.539   1  6.416   2
6.513   2  5.98    1
6.233   3  5.825   4
6.105   2  5.602   2
6.023   4  5.492   1
5.764   1  5.284   3
5.143   2  5.073   3
5.101   3  4.846   2
5.093   4  4.587   4
4.757   1  4.136   3
4.649   3  3.985   4
4.501   2  3.891   1
4.218   4  3.663   2
4.072   2  3.644   3
3.995   1  3.588   2
3.73    3  3.565   1
3.657   4  3.408   1
3.621   3  3.241   4
3.608   2  3.078   3
3.565   1  2.745   2
3.47    4  2.628   4
3.356   1  2.308   1
3.124   3  2.224   2
2.925   2  1.924   4
2.57    2  1.844   1
2.433   1  1.412   2
2.329   2  0.731   4
2.323   4  -0.172  4
2.033   2  -1.322  3
0.809   4  -1.628  2
-0.184  4  -1.768  1
-0.212  3  -3.867  2
-0.716  4  -6.923  4
-1.049  1  -13.16  3
